#Format 0.1
#S,002
millis, acc_x, acc_y, acc_z, gyr_x, gyr_y, gyr_z, temp_degC, batt_voltage, lat, lon, year, month, date, hour, min, sec, HDOP, satellites, fix_millis
2819,0.00,0.00,0.00,0.00,0.00,0.00,24.28,3.99,,,,,,,
2866,-0.08,0.03,-0.99,0.71,-10.89,-10.71,24.20,4.01,,,,,,,
2922,-0.08,0.03,-0.99,0.71,-10.89,-10.71,24.22,4.00,,,,,,,
2978,-0.08,0.03,-0.99,0.89,-4.53,-1.72,24.03,4.01,,,,,,,
3034,-0.08,0.03,-0.99,0.64,-2.70,-0.59,24.22,3.99,,,,,,,
3091,-0.07,0.03,-1.00,0.65,-2.69,-0.60,24.19,4.01,,,,,,,
3501,-0.08,0.03,-0.99,0.65,-2.68,-0.60,24.24,4.01,,,,,,,
4001,-0.08,0.03,-0.99,0.66,-2.66,-0.61,24.17,4.00,,,,,,,
4501,-0.08,0.03,-0.99,0.66,-2.67,-0.60,24.22,4.00,,,,,,,
5001,-0.08,0.03,-0.99,0.65,-2.70,-0.60,24.21,3.99,,,,,,,
5501,-0.08,0.03,-0.99,0.64,-2.69,-0.61,24.19,4.01,,,,,,,
6001,-0.08,0.03,-0.99,0.65,-2.69,-0.60,24.24,3.99,,,,,,,
6501,-0.08,0.03,-0.99,0.66,-2.69,-0.59,24.19,3.99,,,,,,,
7001,-0.08,0.03,-0.99,0.65,-2.68,-0.60,24.25,4.00,,,,,,,
7501,-0.08,0.03,-0.99,0.65,-2.69,-0.59,24.19,4.01,,,,,,,
8001,-0.08,0.03,-0.99,0.66,-2.69,-0.60,24.13,3.99,,,,,,,
8501,-0.08,0.03,-0.98,0.65,-2.69,-0.58,24.25,4.00,,,,,,,
9001,-0.08,0.03,-0.99,0.66,-2.68,-0.60,24.19,4.00,,,,,,,
9501,-0.08,0.03,-0.99,0.65,-2.70,-0.60,24.16,3.99,,,,,,,
10001,-0.08,0.03,-0.99,0.64,-2.69,-0.60,24.25,3.99,,,,,,,
10501,-0.08,0.03,-0.99,0.65,-2.69,-0.59,24.19,4.01,,,,,,,
11001,-0.08,0.03,-0.99,0.66,-2.69,-0.59,24.20,4.01,,,,,,,
11501,-0.08,0.03,-0.99,0.65,-2.69,-0.60,24.16,4.00,,,,,,,
12001,-0.08,0.03,-0.99,0.64,-2.69,-0.59,24.19,4.01,,,,,,,
12501,-0.08,0.03,-0.99,0.64,-2.69,-0.60,24.21,4.00,,,,,,,
13001,-0.08,0.03,-0.99,0.66,-2.69,-0.60,24.19,4.01,,,,,,,
13501,-0.08,0.03,-0.99,0.65,-2.69,-0.59,24.13,3.98,,,,,,,
14001,-0.08,0.03,-0.99,0.66,-2.68,-0.60,24.19,3.99,,,,,,,
14501,-0.08,0.03,-0.99,0.66,-2.68,-0.60,24.19,4.01,,,,,,,
15001,-0.08,0.03,-0.99,0.66,-2.68,-0.60,24.14,4.00,,,,,,,
15501,-0.08,0.03,-0.99,0.65,-2.69,-0.59,24.17,4.00,,,,,,,
16001,-0.08,0.03,-0.99,0.65,-2.69,-0.60,24.16,4.01,,,,,,,
16501,-0.08,0.03,-0.99,0.65,-2.68,-0.60,24.25,4.01,,,,,,,
17001,-0.08,0.03,-0.99,0.66,-2.68,-0.60,24.21,4.00,,,,,,,
17501,-0.08,0.03,-0.99,0.65,-2.69,-0.58,24.22,3.99,,,,,,,
18001,-0.08,0.03,-0.99,0.66,-2.68,-0.61,24.17,4.01,,,,,,,
18501,-0.08,0.03,-0.99,0.64,-2.68,-0.59,24.17,4.00,,,,,,,
19001,-0.08,0.03,-0.99,0.65,-2.69,-0.60,24.19,4.01,,,,,,,
19501,-0.08,0.03,-0.99,0.65,-2.69,-0.60,24.15,3.99,,,,,,,
20001,-0.08,0.03,-0.99,0.64,-2.69,-0.60,24.17,4.01,,,,,,,
20501,-0.08,0.03,-0.99,0.64,-2.68,-0.58,24.17,4.01,,,,,,,
21001,-0.08,0.03,-0.99,0.66,-2.69,-0.59,24.17,4.00,,,,,,,
21501,-0.08,0.04,-0.98,0.64,-2.67,-0.59,24.16,4.01,,,,,,,
22001,-0.08,0.03,-0.99,0.65,-2.68,-0.60,24.17,4.00,,,,,,,
22501,-0.08,0.03,-0.99,0.66,-2.68,-0.59,24.17,4.00,,,,,,,
23001,-0.08,0.03,-0.99,0.65,-2.69,-0.60,24.22,4.01,,,,,,,
23501,-0.08,0.03,-0.99,0.66,-2.70,-0.58,24.20,4.01,,,,,,,
24001,-0.08,0.03,-0.99,0.66,-2.69,-0.60,24.22,4.01,,,,,,,
24501,-0.08,0.03,-0.99,0.65,-2.68,-0.60,24.22,3.99,,,,,,,
25001,-0.08,0.03,-0.99,0.65,-2.69,-0.59,24.17,4.00,,,,,,,
25501,-0.08,0.03,-0.99,0.66,-2.67,-0.60,24.20,4.01,,,,,,,
26001,-0.08,0.03,-0.99,0.65,-2.68,-0.59,24.15,4.00,,,,,,,
26501,-0.08,0.03,-0.99,0.66,-2.68,-0.60,24.19,4.01,,,,,,,
27001,-0.08,0.03,-0.99,0.64,-2.68,-0.58,24.17,4.01,,,,,,,
27501,-0.07,0.03,-0.99,0.65,-2.68,-0.60,24.04,4.01,89.00001,1.00136,2021,7,15,19,36,0,440,10,27097
28001,-0.08,0.03,-0.99,0.66,-2.70,-0.60,24.15,4.00,89.00001,1.00165,2021,7,15,19,36,1,440,10,27657
28501,-0.08,0.03,-0.99,0.66,-2.68,-0.59,24.17,3.99,,,,,,,
29001,-0.08,0.03,-0.99,0.65,-2.69,-0.59,24.20,4.00,,,,,,,
29501,-0.08,0.03,-0.99,0.66,-2.69,-0.59,24.03,4.00,,,,,,,
30001,-0.07,0.03,-0.99,0.65,-2.67,-0.61,24.16,4.00,89.00001,1.00194,2021,7,15,19,36,3,440,10,29774
30501,-0.07,0.03,-0.99,0.64,-2.69,-0.58,24.20,4.00,,,,,,,
31001,-0.08,0.03,-0.99,0.66,-2.68,-0.60,24.15,4.00,89.00001,1.00198,2021,7,15,19,36,4,440,10,30799
31501,-0.08,0.03,-0.99,0.66,-2.67,-0.59,24.21,4.01,,,,,,,
32001,-0.08,0.03,-0.99,0.64,-2.70,-0.59,24.20,4.01,89.00001,1.00192,2021,7,15,19,36,5,440,10,31791
32501,-0.08,0.03,-0.99,0.65,-2.68,-0.58,23.95,4.01,,,,,,,
33001,-0.08,0.03,-0.99,0.65,-2.68,-0.59,24.14,3.99,89.00000,1.00215,2021,7,15,19,36,6,440,10,32803
33501,-0.08,0.03,-0.98,0.64,-2.69,-0.60,24.19,4.01,,,,,,,
34001,-0.08,0.03,-0.99,0.65,-2.68,-0.60,24.11,3.99,89.00000,1.00224,2021,7,15,19,36,7,440,10,33800
34501,-0.08,0.03,-0.99,0.65,-2.69,-0.62,24.17,4.00,,,,,,,
35001,-0.08,0.03,-0.99,0.64,-2.69,-0.58,24.19,4.01,89.00000,1.00237,2021,7,15,19,36,8,440,10,34795
35501,-0.08,0.03,-0.99,0.65,-2.69,-0.60,24.22,4.00,,,,,,,
36001,-0.08,0.03,-0.98,0.64,-2.69,-0.58,24.16,4.00,89.00000,1.00249,2021,7,15,19,36,9,440,10,35810
36501,-0.08,0.03,-0.99,0.64,-2.69,-0.61,24.17,3.99,,,,,,,
37001,-0.08,0.03,-0.99,0.64,-2.68,-0.59,24.13,4.01,89.00000,1.00267,2021,7,15,19,36,10,440,10,36812
37501,-0.08,0.03,-0.98,0.66,-2.69,-0.60,24.16,3.99,,,,,,,
38001,-0.08,0.03,-0.99,0.66,-2.69,-0.58,24.25,4.00,89.00000,1.00274,2021,7,15,19,36,11,440,10,37797
38501,-0.08,0.03,-0.99,0.66,-2.69,-0.60,24.27,4.00,,,,,,,
39001,-0.08,0.03,-0.99,0.65,-2.69,-0.58,24.20,3.98,89.00000,1.00273,2021,7,15,19,36,12,440,10,38800
39501,-0.08,0.03,-0.99,0.65,-2.68,-0.60,24.25,4.00,,,,,,,
40001,-0.08,0.03,-0.99,0.65,-2.69,-0.60,24.22,4.00,88.99999,1.00282,2021,7,15,19,36,13,440,10,39834
40501,-0.08,0.03,-0.99,0.64,-2.69,-0.58,24.22,3.99,,,,,,,
41001,-0.08,0.03,-0.99,0.66,-2.68,-0.60,24.16,4.00,89.00000,1.00279,2021,7,15,19,36,14,1203,10,40803
41501,-0.08,0.03,-0.99,0.65,-2.67,-0.59,24.22,4.00,,,,,,,
42001,-0.07,0.03,-0.99,0.64,-2.69,-0.60,24.22,4.01,89.00000,1.00279,2021,7,15,19,36,15,440,10,41824
42501,-0.08,0.03,-0.99,0.65,-2.68,-0.59,24.22,4.01,,,,,,,
43001,-0.08,0.03,-0.99,0.67,-2.69,-0.59,24.17,4.00,89.00000,1.00277,2021,7,15,19,36,16,440,10,42828
43501,-0.08,0.03,-0.99,0.66,-2.69,-0.60,24.22,4.01,,,,,,,
44001,-0.07,0.03,-0.99,0.66,-2.70,-0.60,24.25,3.99,88.99999,1.00269,2021,7,15,19,36,17,440,10,43851
44501,-0.08,0.03,-0.99,0.66,-2.69,-0.60,24.16,4.01,,,,,,,
45001,-0.08,0.03,-0.99,0.66,-2.70,-0.58,24.19,4.01,88.99999,1.00261,2021,7,15,19,36,18,440,10,44870
45501,-0.08,0.03,-0.99,0.66,-2.69,-0.59,24.22,3.99,,,,,,,
46001,-0.07,0.03,-0.99,0.65,-2.69,-0.60,24.17,4.01,89.00000,1.00212,2021,7,15,19,36,19,333,13,45895
46501,-0.08,0.03,-0.99,0.67,-2.69,-0.59,24.65,3.99,,,,,,,
47001,-0.08,0.03,-0.99,0.66,-2.69,-0.59,24.21,3.99,89.00000,1.00186,2021,7,15,19,36,20,322,13,46908
47501,-0.08,0.03,-0.99,0.66,-2.68,-0.60,24.11,3.99,,,,,,,
48001,-0.08,0.03,-0.99,0.65,-2.68,-0.59,24.16,4.01,89.00000,1.00174,2021,7,15,19,36,21,322,13,47907
48501,-0.08,0.03,-0.98,0.66,-2.69,-0.59,24.20,3.99,,,,,,,
49001,-0.08,0.03,-0.99,0.65,-2.69,-0.60,24.19,3.99,89.00000,1.00161,2021,7,15,19,36,22,322,13,48901
49501,-0.07,0.03,-0.99,0.64,-2.70,-0.59,24.20,4.00,,,,,,,
50001,-0.08,0.03,-0.98,0.65,-2.70,-0.59,24.25,4.00,89.00000,1.00158,2021,7,15,19,36,23,322,13,49879
50501,-0.07,0.03,-0.99,0.65,-2.69,-0.60,24.19,3.98,,,,,,,
51001,-0.07,0.03,-0.99,0.67,-2.66,-0.60,24.16,4.00,89.00000,1.00152,2021,7,15,19,36,24,322,13,50863
51501,-0.08,0.03,-0.99,0.66,-2.67,-0.59,24.13,3.99,,,,,,,
52001,-0.08,0.03,-0.99,0.66,-2.68,-0.60,24.14,4.00,89.00000,1.00141,2021,7,15,19,36,25,301,20,51907
52501,-0.07,0.03,-0.99,0.64,-2.69,-0.58,24.22,4.01,,,,,,,
53001,-0.08,0.03,-0.99,0.64,-2.69,-0.59,24.20,4.01,89.00000,1.00135,2021,7,15,19,36,26,301,20,52890
53501,-0.08,0.03,-0.99,0.65,-2.68,-0.59,24.42,3.99,,,,,,,
54001,-0.08,0.03,-0.98,0.64,-2.69,-0.59,24.47,4.00,88.99999,1.00128,2021,7,15,19,36,27,301,20,53908
54501,-0.07,0.03,-0.99,0.66,-2.67,-0.60,24.20,4.01,,,,,,,
55001,-0.08,0.03,-0.99,0.67,-2.69,-0.59,24.15,4.01,88.99999,1.00120,2021,7,15,19,36,28,301,20,54914
55501,-0.08,0.03,-0.99,0.64,-2.69,-0.59,24.16,4.00,,,,,,,
56001,-0.08,0.03,-0.99,0.65,-2.67,-0.59,24.19,4.01,88.99999,1.00115,2021,7,15,19,36,29,301,20,55915
56501,-0.08,0.03,-0.99,0.65,-2.69,-0.59,24.19,3.98,,,,,,,
57001,-0.08,0.03,-0.99,0.66,-2.69,-0.59,24.14,4.00,88.99999,1.00112,2021,7,15,19,36,30,301,20,56916
57501,-0.07,0.03,-0.99,0.66,-2.67,-0.59,24.25,3.99,,,,,,,
58001,-0.07,0.03,-0.99,0.66,-2.69,-0.60,24.15,4.00,88.99999,1.00108,2021,7,15,19,36,31,301,20,57932
58501,-0.08,0.03,-0.99,0.65,-2.67,-0.60,24.26,4.01,,,,,,,
59001,-0.08,0.03,-0.99,0.64,-2.70,-0.60,24.28,4.01,,,,,,,
59501,-0.08,0.03,-0.98,0.65,-2.69,-0.59,24.22,4.01,,,,,,,
60001,-0.08,0.03,-0.99,0.65,-2.70,-0.60,24.25,4.01,,,,,,,
60501,-0.08,0.03,-0.99,0.65,-2.70,-0.59,24.24,4.00,,,,,,,
61001,-0.08,0.03,-0.99,0.65,-2.68,-0.60,24.27,4.01,,,,,,,
61501,-0.08,0.03,-0.99,0.66,-2.69,-0.60,24.28,4.01,,,,,,,
62001,-0.08,0.03,-0.99,0.65,-2.70,-0.59,24.28,4.01,,,,,,,
62501,-0.08,0.03,-0.99,0.64,-2.69,-0.60,24.24,4.01,,,,,,,
63001,-0.08,0.03,-0.99,0.64,-2.70,-0.60,24.31,4.01,,,,,,,
63501,-0.07,0.03,-0.99,0.64,-2.67,-0.60,24.35,4.01,,,,,,,
64001,-0.08,0.03,-0.99,0.65,-2.69,-0.60,24.27,4.01,,,,,,,
64501,-0.08,0.03,-0.99,0.64,-2.69,-0.58,24.27,4.01,,,,,,,
65001,-0.08,0.03,-0.99,0.64,-2.69,-0.60,24.28,4.01,,,,,,,
65501,-0.07,0.03,-0.99,0.66,-2.68,-0.59,24.26,4.01,,,,,,,
66001,-0.08,0.03,-0.99,0.65,-2.69,-0.60,24.44,4.01,,,,,,,
66501,-0.07,0.03,-0.99,0.66,-2.67,-0.59,24.27,4.01,,,,,,,
67001,-0.08,0.03,-0.99,0.65,-2.69,-0.59,24.27,4.01,,,,,,,
67501,-0.07,0.03,-0.99,0.65,-2.68,-0.60,24.22,4.01,,,,,,,
68001,-0.08,0.03,-0.99,0.65,-2.68,-0.59,24.26,4.01,,,,,,,
68501,-0.08,0.03,-0.99,0.64,-2.69,-0.60,24.27,4.01,,,,,,,
69001,-0.08,0.03,-0.99,0.66,-2.69,-0.59,24.31,3.99,,,,,,,
69501,-0.08,0.03,-0.99,0.66,-2.70,-0.59,24.32,4.00,,,,,,,
70001,-0.08,0.03,-0.99,0.66,-2.68,-0.59,24.27,4.01,,,,,,,
70501,-0.08,0.03,-0.99,0.65,-2.69,-0.59,24.36,4.01,,,,,,,
71001,-0.08,0.03,-0.99,0.65,-2.70,-0.60,24.33,4.01,,,,,,,
71501,-0.08,0.03,-0.99,0.66,-2.68,-0.59,24.33,4.01,,,,,,,
72001,-0.08,0.03,-0.99,0.65,-2.68,-0.59,24.30,4.01,,,,,,,
72501,-0.08,0.03,-0.99,0.64,-2.68,-0.59,24.32,4.01,,,,,,,
73001,-0.07,0.03,-0.99,0.65,-2.67,-0.60,24.22,4.01,,,,,,,
73501,-0.08,0.03,-0.99,0.65,-2.69,-0.60,24.36,4.01,,,,,,,
74001,-0.08,0.03,-0.99,0.64,-2.68,-0.60,24.33,4.00,,,,,,,
74501,-0.08,0.03,-0.99,0.64,-2.69,-0.59,24.26,4.00,,,,,,,
75001,-0.08,0.03,-0.99,0.64,-2.68,-0.58,24.33,4.01,,,,,,,
75501,-0.08,0.03,-0.99,0.64,-2.68,-0.60,24.37,3.99,,,,,,,
76001,-0.08,0.03,-0.99,0.64,-2.70,-0.59,24.30,4.01,,,,,,,
76501,-0.08,0.03,-0.99,0.65,-2.69,-0.60,24.32,4.01,,,,,,,
77001,-0.08,0.03,-0.99,0.65,-2.68,-0.60,24.36,4.01,,,,,,,
77501,-0.07,0.03,-0.99,0.66,-2.69,-0.60,24.31,4.01,,,,,,,
78001,-0.08,0.03,-0.99,0.64,-2.69,-0.60,24.37,4.01,,,,,,,
78501,-0.08,0.03,-0.98,0.64,-2.69,-0.59,24.28,4.01,,,,,,,
79001,-0.08,0.03,-0.99,0.64,-2.69,-0.60,24.27,3.99,,,,,,,
79501,-0.07,0.03,-0.99,0.65,-2.67,-0.58,24.39,4.01,,,,,,,
80001,-0.08,0.03,-0.99,0.65,-2.68,-0.60,24.35,4.01,,,,,,,
80501,-0.08,0.03,-0.99,0.66,-2.67,-0.60,24.39,4.01,,,,,,,
81001,-0.08,0.03,-0.98,0.64,-2.70,-0.60,24.37,3.99,,,,,,,
81501,-0.08,0.03,-0.99,0.65,-2.69,-0.60,24.35,4.01,,,,,,,
82001,-0.08,0.03,-0.99,0.65,-2.69,-0.59,24.32,4.01,,,,,,,
82501,-0.08,0.03,-0.99,0.65,-2.68,-0.60,24.38,3.99,,,,,,,
83001,-0.08,0.03,-0.99,0.65,-2.69,-0.60,24.31,4.01,,,,,,,
83501,-0.08,0.03,-0.99,0.65,-2.68,-0.60,24.26,3.98,,,,,,,
84001,-0.08,0.03,-0.99,0.65,-2.69,-0.58,24.37,3.98,,,,,,,
84501,-0.08,0.03,-0.99,0.65,-2.69,-0.60,24.15,4.01,,,,,,,
85001,-0.08,0.03,-0.99,0.64,-2.67,-0.60,24.30,4.01,,,,,,,
85501,-0.08,0.03,-0.99,0.66,-2.69,-0.60,24.22,4.01,,,,,,,
86001,-0.07,0.03,-0.99,0.65,-2.69,-0.60,24.30,4.01,,,,,,,
86501,-0.07,0.03,-0.99,0.65,-2.70,-0.60,24.36,4.01,,,,,,,
87001,-0.07,0.03,-1.00,0.66,-2.65,-0.60,24.32,4.01,,,,,,,
87501,-0.07,0.03,-0.99,0.64,-2.67,-0.60,24.27,4.01,,,,,,,
88001,-0.08,0.03,-0.99,0.65,-2.68,-0.60,24.25,4.01,,,,,,,
88501,-0.08,0.03,-0.99,0.65,-2.68,-0.60,24.28,4.01,,,,,,,
89001,-0.08,0.03,-0.98,0.64,-2.68,-0.59,24.24,3.98,,,,,,,
89501,-0.08,0.03,-0.99,0.65,-2.68,-0.59,24.27,4.01,,,,,,,
90001,-0.08,0.03,-0.99,0.65,-2.68,-0.58,24.38,4.01,,,,,,,
90501,-0.07,0.03,-0.99,0.67,-2.67,-0.60,24.32,4.01,,,,,,,
91001,-0.07,0.03,-0.99,0.65,-2.68,-0.59,24.32,4.01,,,,,,,
91501,-0.07,0.03,-0.99,0.65,-2.68,-0.60,24.27,4.01,,,,,,,
92001,-0.08,0.03,-0.99,0.65,-2.69,-0.60,24.30,4.01,,,,,,,
92501,-0.07,0.03,-0.99,0.65,-2.69,-0.59,24.16,4.01,,,,,,,
93001,-0.08,0.03,-0.98,0.65,-2.69,-0.60,24.22,4.01,,,,,,,
93501,-0.08,0.03,-0.99,0.65,-2.67,-0.60,24.37,4.01,,,,,,,
94001,-0.08,0.03,-0.99,0.66,-2.67,-0.60,24.27,4.01,,,,,,,
94501,-0.08,0.03,-0.98,0.65,-2.70,-0.60,24.21,4.01,,,,,,,
95001,-0.08,0.03,-0.99,0.65,-2.68,-0.60,24.33,4.01,,,,,,,
95501,-0.08,0.03,-0.99,0.65,-2.67,-0.60,24.26,4.01,,,,,,,
96001,-0.08,0.03,-0.99,0.65,-2.69,-0.59,24.33,4.01,,,,,,,
96501,-0.08,0.03,-0.99,0.65,-2.68,-0.58,24.33,4.01,,,,,,,
97001,-0.08,0.03,-0.99,0.67,-2.69,-0.59,24.33,4.01,,,,,,,
97501,-0.08,0.03,-0.99,0.65,-2.68,-0.60,24.32,4.01,,,,,,,
98001,-0.07,0.03,-0.99,0.65,-2.68,-0.60,24.33,4.01,,,,,,,
98501,-0.08,0.03,-0.99,0.64,-2.69,-0.60,24.26,4.01,,,,,,,
99001,-0.08,0.03,-0.99,0.65,-2.67,-0.60,24.26,4.01,,,,,,,
99501,-0.07,0.03,-0.99,0.66,-2.69,-0.59,24.28,4.01,,,,,,,
100001,-0.08,0.03,-0.98,0.64,-2.70,-0.60,24.26,4.01,,,,,,,
100501,-0.08,0.03,-0.99,0.65,-2.69,-0.60,24.25,4.01,,,,,,,
101001,-0.08,0.03,-0.99,0.64,-2.67,-0.59,24.27,4.01,,,,,,,
101501,-0.08,0.03,-0.98,0.65,-2.69,-0.58,24.21,4.01,,,,,,,
102001,-0.08,0.03,-0.99,0.66,-2.70,-0.60,24.28,4.01,,,,,,,
102501,-0.07,0.03,-0.99,0.66,-2.67,-0.59,24.26,4.00,,,,,,,
103001,-0.08,0.03,-0.99,0.64,-2.69,-0.60,24.21,4.01,,,,,,,
103501,-0.08,0.03,-0.99,0.64,-2.68,-0.60,24.21,4.01,,,,,,,
104001,-0.08,0.03,-0.99,0.66,-2.67,-0.60,24.26,4.01,,,,,,,
104501,-0.08,0.03,-0.99,0.66,-2.70,-0.60,24.25,4.01,,,,,,,
105001,-0.08,0.03,-0.99,0.65,-2.69,-0.60,24.31,4.01,,,,,,,
105501,-0.08,0.03,-0.99,0.64,-2.67,-0.59,24.31,4.01,,,,,,,
106001,-0.08,0.03,-0.99,0.64,-2.68,-0.60,24.22,4.01,,,,,,,
106501,-0.08,0.03,-0.99,0.64,-2.68,-0.60,24.30,4.01,,,,,,,
107001,-0.08,0.03,-0.99,0.64,-2.68,-0.60,24.26,4.00,,,,,,,
107501,-0.08,0.03,-0.99,0.64,-2.67,-0.60,24.27,4.00,,,,,,,
108001,-0.07,0.03,-0.99,0.66,-2.66,-0.60,24.24,4.01,,,,,,,
108501,-0.08,0.03,-0.99,0.65,-2.69,-0.59,24.31,4.01,,,,,,,
109001,-0.08,0.03,-0.99,0.65,-2.67,-0.60,24.25,4.01,,,,,,,
109501,-0.08,0.03,-0.99,0.65,-2.69,-0.59,24.27,4.01,,,,,,,
110001,-0.08,0.03,-0.99,0.65,-2.69,-0.60,24.25,3.99,,,,,,,
110501,-0.07,0.03,-0.99,0.65,-2.68,-0.60,24.27,4.01,,,,,,,
111001,-0.07,0.03,-0.99,0.65,-2.67,-0.60,24.21,4.01,,,,,,,
111501,-0.08,0.03,-0.99,0.65,-2.69,-0.60,24.31,4.01,,,,,,,
112001,-0.08,0.03,-0.99,0.65,-2.68,-0.60,24.19,4.00,,,,,,,
112501,-0.08,0.03,-0.99,0.66,-2.68,-0.61,24.24,4.01,,,,,,,
113001,-0.08,0.03,-0.99,0.66,-2.70,-0.60,24.24,4.01,,,,,,,
113501,-0.07,0.03,-0.99,0.64,-2.68,-0.60,24.30,4.01,,,,,,,
114001,-0.08,0.03,-0.99,0.65,-2.68,-0.60,24.25,4.00,,,,,,,
114501,-0.08,0.03,-0.99,0.66,-2.68,-0.59,24.32,4.01,,,,,,,
115001,-0.08,0.03,-0.99,0.66,-2.67,-0.60,24.26,4.01,,,,,,,
115501,-0.07,0.03,-0.99,0.65,-2.67,-0.60,24.32,4.00,,,,,,,
116001,-0.08,0.03,-0.99,0.64,-2.68,-0.59,24.27,4.01,,,,,,,
116501,-0.08,0.03,-0.99,0.64,-2.69,-0.60,24.31,4.01,,,,,,,
117001,-0.08,0.03,-0.99,0.66,-2.69,-0.58,24.30,4.01,,,,,,,
117501,-0.08,0.03,-0.99,0.65,-2.70,-0.60,24.26,4.01,,,,,,,
118001,-0.08,0.03,-0.99,0.65,-2.69,-0.60,24.25,4.01,,,,,,,
118501,-0.08,0.03,-0.99,0.66,-2.69,-0.60,24.37,3.99,,,,,,,
119001,-0.08,0.03,-0.98,0.65,-2.67,-0.60,24.26,4.01,,,,,,,
